=== Fetching market data ===

Market Activity:
        item                value
0         上涨                291.0
1         涨停                 38.0
2       真实涨停                 32.0
3   st st*涨停                 10.0
4         下跌               4886.0
5         跌停                145.0
6       真实跌停                134.0
7   st st*跌停                 68.0
8         平盘                  6.0
9         停牌                  8.0
10       活跃度                5.61%
11      统计日期  2026-03-23 15:00:00

Rise: 291.0, Fall: 4886.0, Flat: 6.0, Total: 5183.0
Limit Up: 38.0, Limit Down: 145.0, Activity: 5.61%, Date: 2026-03-23 15:00:00

Province Trading Volume (sorted):
    序号    地区          总交易额     占市场         股票交易额         基金交易额         债券交易额
0    1    上海  6.599168e+12  17.144  4.043329e+12  1.248538e+11  2.430985e+12
1    2    深圳  4.783964e+12  12.428  3.003823e+12  1.199498e+11  1.659669e+12
2    3    北京  3.631714e+12   9.435  2.225152e+12  8.615759e+10  1.319881e+12
3    4    浙江  3.237222e+12   8.410  2.691930e+12  3.906904e+10  5.062227e+11
4    5    江苏  3.025582e+12   7.860  2.158993e+12  9.452875e+10  7.720610e+11
5    6    广州  1.619480e+12   4.207  9.476950e+11  4.533178e+10  6.260720e+11
6    7    广东  1.536115e+12   3.991  1.177269e+12  2.426635e+10  3.345802e+11
7    8    福建  1.410869e+12   3.665  1.045202e+12  2.097877e+10  3.446887e+11
8    9    西藏  1.240056e+12   3.222  1.011404e+12  2.305406e+10  2.055980e+11
9   10  境外地区  1.232003e+12   3.201  1.232003e+12  0.000000e+00  0.000000e+00
10  11    湖北  1.228977e+12   3.193  7.476954e+11  1.038745e+10  4.708938e+11
11  12    四川  1.187554e+12   3.085  8.373194e+11  1.378157e+10  3.364527e+11
12  13    山东  1.183434e+12   3.074  8.430976e+11  2.015881e+10  3.201780e+11
13  14    湖南  8.043527e+11   2.090  5.268563e+11  4.055832e+10  2.369380e+11
14  15    安徽  6.206983e+11   1.613  4.188201e+11  6.798454e+09  1.950797e+11
15  16    江西  5.972801e+11   1.552  3.985462e+11  1.328896e+10  1.854450e+11
16  17    河南  5.583493e+11   1.451  4.470419e+11  6.132581e+09  1.051749e+11
17  18    陕西  5.219884e+11   1.356  3.312646e+11  4.391643e+09  1.863322e+11
18  19    重庆  4.900235e+11   1.273  3.335992e+11  5.959656e+09  1.504646e+11
19  20    辽宁  4.819182e+11   1.252  3.753209e+11  5.095175e+09  1.015021e+11
20  21    河北  3.792136e+11   0.985  2.720196e+11  6.335564e+09  1.008584e+11
21  22    天津  3.072727e+11   0.798  2.132726e+11  3.716296e+09  9.028385e+10
22  23    山西  2.739739e+11   0.712  1.891266e+11  2.959211e+09  8.188812e+10
23  24    广西  2.506026e+11   0.651  1.952779e+11  2.376218e+09  5.294850e+10
24  25   黑龙江  2.116977e+11   0.550  1.521119e+11  2.056486e+09  5.752928e+10
25  26    云南  1.891748e+11   0.491  1.362576e+11  1.983667e+09  5.093350e+10
26  27    吉林  1.886262e+11   0.490  1.380449e+11  2.868442e+09  4.771285e+10
27  28    贵州  1.720125e+11   0.447  1.048295e+11  2.405148e+09  6.477779e+10
28  29    新疆  1.345874e+11   0.350  1.067154e+11  9.359535e+08  2.693600e+10
29  30   内蒙古  1.095088e+11   0.284  7.087990e+10  8.743984e+08  3.775448e+10
30  31    甘肃  1.055270e+11   0.274  8.165647e+10  8.550514e+08  2.301547e+10
31  32    海南  9.300238e+10   0.242  6.899713e+10  4.858157e+08  2.351944e+10
32  33    宁夏  6.821635e+10   0.177  5.728423e+10  7.613631e+08  1.017075e+10
33  34    青海  1.783947e+10   0.046  1.518497e+10  1.181823e+08  2.536324e+09

Province data saved.

SSE Summary:
      项目         股票         主板       科创板
0   流通股本   48055.18   46065.66   1989.51
1    总市值  626359.71  525121.81  101237.9
2  平均市盈率      15.79      14.29     66.16
3   上市公司       2310       1706       604
4   上市股票       2348       1744       604
5   流通市值  588031.79  503837.75  84194.03
6   报告时间   20260323   20260323  20260323
8    总股本   50831.61   48391.73   2439.87

SZSE Summary:
     证券类别     数量          成交金额           总市值          流通市值
0      股票   2874  4.927458e+11  2.583766e+13  2.205169e+13
1    主板A股   1484  2.645011e+11  1.676038e+13  1.510596e+13
2    主板B股     40  8.407845e+07  4.546926e+10  4.532382e+10
3   创业板A股   1350  2.281607e+11  9.031821e+12  6.900402e+12
4      基金    707  2.809046e+10  7.193713e+11  7.033845e+11
5     ETF    402  2.736105e+10  6.522338e+11  6.522338e+11
6     LOF    292  6.084385e+08  3.164188e+10  3.164188e+10
7   封闭式基金      1  1.503985e+06  1.609382e+09  1.609382e+09
8   不动产基金     12  1.194708e+08  3.388621e+10  1.789944e+10
9      债券  14187  2.386577e+11           NaN           NaN
10   债券现券  13565  3.519333e+10  7.563312e+13  2.781160e+12
11   债券回购     13  2.031082e+11           NaN           NaN
12    ABS    609  3.561403e+08  4.124684e+11  4.124684e+11
13     期权    412  8.089477e+08           NaN           NaN
